9.1909
9.8692
9.2363
9.8887
10.0253
9.0121
9.6410
11.2233
8.6699
9.5207
9.3437
10.1790
8.5018
9.9240
10.2698
10.8572
9.7404
9.6893
9.6376
8.7033
9.2938
10.2606
9.4795
8.9888
8.4147
6.5385
9.1252
7.7639
9.7499
12.6224
10.5259
12.7709
8.2550
9.6464
8.8338
11.2852
10.0112
9.9306
10.9588
10.1797
9.8621
9.1452
9.6607
8.2367
8.5668
8.7360
10.6747
10.6442
9.4982
8.2046
8.7733
9.3662
7.3480
11.1260
11.7480
8.0641
10.2881
11.2382
8.5552
8.6407
10.9994
9.4316
8.6311
10.8961
12.0054
12.2881
10.4007
10.2480
10.6297
10.5885
9.9235
8.7854
13.7949
10.0499
9.7302
10.6651
11.6158
8.7185
7.4474
10.2098
11.4452
8.9615
8.8532
9.6686
9.5840
9.7885
11.6838
9.1717
11.2713
8.4102
9.8014
8.2892
8.1164
9.9213
9.4725
10.1777
7.9336
10.2716
10.4550
10.4669
10.6645
8.7380
10.2834
10.5417
9.5044
10.7287
11.1074
9.7527
9.7578
8.3864
10.9066
8.0825
11.1309
8.9391
10.3617
11.1634
10.6548
8.8425
9.2338
9.8071
8.4711
6.8446
9.8599
10.7106
9.3465
9.4992
10.8393
12.5583
9.7521
9.4756
9.4133
10.4600
11.0919
10.6427
8.2310
10.4486
7.6875
11.9924
10.5424
9.9526
10.8517
9.7453
10.4031
10.3142
11.1078
9.4098
8.2982
10.6304
10.5122
11.4204
8.8507
9.4479
10.4363
10.0775
8.8455
9.2746
11.2161
10.3456
11.2071
8.2725
10.2518
10.9985
8.8248
8.3503
8.9347
10.1723
9.1520
11.5757
8.9882
10.0235
10.1516
11.5230
9.9293
9.7187
12.1184
10.3105
9.1047
9.4516
9.8104
9.8246
10.3236
10.5393
8.7151
8.9750
12.1390
9.4164
11.5808
11.7849
8.3189
11.3597
8.3214
9.1792
7.2526
9.6062
10.4731
9.1423
8.9796
12.6885
8.9049
9.5932
9.4585
7.5954
10.4990
9.5254
11.3952
10.8655
9.8649
11.1922
9.1644
9.7639
9.6113
9.4023
10.9853
8.9627
9.1211
10.3541
6.5416
9.9387
12.7051
8.6285
9.2790
10.4332
7.8017
10.4724
9.4620
8.6777
10.2972
10.0694
11.7754
9.7306
11.1210
9.0715
10.4069
11.9170
10.1414
9.6993
10.0611
11.8744
12.5934
8.4657
11.4097
10.6913
10.0500
9.0516
7.4817
8.9595
10.7477
8.2946
8.0962
8.6038
10.8791
11.3164
9.6104
9.3733
9.8294
10.5814
8.0998
8.9162
9.3535
11.7080
12.3519
10.2971
8.4478
11.6898
11.1503
10.8865
7.3870
12.2201
9.3467
10.0901
9.0349
9.0209
10.6919
9.7492
6.6300
9.4562
10.7094
10.4470
11.4721
8.2991
9.5597
8.8813
9.1161
9.8310
8.9273
10.2714
10.2989
10.8248
9.0252
10.0440
8.6131
11.2656
9.9867
9.6183
10.3629
9.5335
9.1374
10.1137
8.2773
9.2529
11.8235
7.9915
10.9656
11.1227
9.5359
9.3316
8.4221
9.2382
9.1389
9.7447
11.9746
9.9480
9.2836
11.3036
8.9428
6.9298
10.4260
9.8998
7.6398
8.5936
9.4369
7.8044
9.2626
7.8547
9.2429
8.3748
8.3141
8.4371
9.7071
9.8960
12.6316
11.4575
10.1089
9.7162
11.3548
8.4557
10.2353
12.3742
8.0886
8.5218
8.6742
12.0188
10.4579
8.2598
8.8671
8.5176
10.6874
8.7556
9.8768
10.0456
11.4691
10.7683
9.6717
10.5186
9.8094
11.5594
10.3047
10.5789
8.5338
9.1765
10.7911
10.3028
10.2099
11.1799
8.5762
9.8842
12.2419
10.1678
9.1723
11.1399
10.3329
8.0706
10.6130
9.7619
8.0300
10.2565
10.1264
8.9052
9.7165
10.0546
9.3117
9.5061
7.3018
11.4692
10.8863
12.2267
12.5849
8.4869
10.1208
12.2175
9.3902
9.6645
9.1099
10.6619
11.4302
9.7094
10.0623
9.4120
8.5719
11.3720
9.8443
10.1934
9.2193
8.9577
9.2666
8.4113
10.7042
10.8185
8.2197
7.0291
10.1439
8.9086
7.7998
10.5348
10.1622
10.9983
11.2480
12.6117
12.4011
8.3446
7.9451
10.4639
9.4108
10.8736
7.4687
9.5142
10.2403
12.7080
9.8898
9.1210
10.6591
11.5654
8.5745
11.1603
9.6411
10.0237
9.7392
10.6327
11.8840
12.5451
12.6071
10.5975
9.5523
10.6892
9.9622
9.1538
11.6793
10.6560
9.0395
9.3683
7.8786
10.8434
9.2697
8.7865
8.9484
10.2467
9.9894
9.3057
9.3127
11.2394
10.2551
9.0627
10.5590
8.9787
7.9813
11.7867
11.5460
8.7990
9.9621
10.7264
10.0615
7.5236
10.4568
10.1023
9.6656
8.5241
10.9645
9.3635
8.7801
8.4657
11.2396
8.3322
10.0204
11.0398
9.0872
9.5643
11.1547
8.5720
8.4973
8.3169
11.0393
10.1418
9.2661
11.6665
8.2340
7.6034
9.7553
11.6930
11.8926
9.5381